MEME version 4.11.2

ALPHABET= ACGT

strands: + -

Background letter frequencies(from unknown source):
 A 0.250 C 0.250 G 0.250 T 0.250

MOTIF BATF

letter-probability matrix: alength= 4 w= 14
 0.0684 0.3646 0.438 0.1291
 0.0381 0.0254 0.0533 0.8832
 0.0895 0.1995 0.0332 0.6777
 0.0736 0.2132 0.0584 0.6548
 0.0916 0.6845 0.0458 0.1781
 0.4264 0.1472 0.2538 0.1726
 0.3215 0.1519 0.2127 0.3139
 0.302 0.0305 0.0939 0.5736
 0.5536 0.1658 0.0408 0.2398
 0.0 0.0 0.0051 0.9949
 0.0051 0.0303 0.8485 0.1162
 0.9313 0.0 0.0254 0.0433
 0.099 0.5228 0.3122 0.066
 0.1671 0.0734 0.0759 0.6835
