MEME version 4.11.2

ALPHABET= ACGT

strands: + -

Background letter frequencies(from unknown source):
 A 0.250 C 0.250 G 0.250 T 0.250

MOTIF CTCF

letter-probability matrix: alength= 4 w= 14
 0.0782 0.8435 0.0425 0.0357
 0.0145 0.9622 0.016 0.0073
 0.551 0.0496 0.293 0.1064
 0.064 0.5916 0.3314 0.0131
 0.0914 0.5269 0.0595 0.3222
 0.9331 0.0174 0.032 0.0174
 0.0 0.0029 0.9971 0.0
 0.2725 0.0014 0.7246 0.0014
 0.0393 0.0349 0.6696 0.2562
 0.0044 0.0029 0.9913 0.0015
 0.0217 0.0101 0.9203 0.0478
 0.0524 0.9243 0.0015 0.0218
 0.2741 0.0146 0.7026 0.0087
 0.0552 0.641 0.2384 0.0654
