MEME version 4.11.2

ALPHABET= ACGT

strands: + -

Background letter frequencies(from unknown source):
 A 0.250 C 0.250 G 0.250 T 0.250

MOTIF CUX_3

letter-probability matrix: alength= 4 w= 17
 0.9192 0.0101 0.0303 0.0404
 0.0102 0.0204 0.0102 0.9592
 0.0204 0.9184 0.0102 0.051
 0.3131 0.0101 0.6667 0.0101
 0.9697 0.0101 0.0101 0.0101
 0.0722 0.0206 0.0 0.9072
 0.4286 0.2551 0.1122 0.2041
 0.3838 0.2828 0.1818 0.1515
 0.2245 0.3265 0.2653 0.1837
 0.1837 0.1735 0.1939 0.449
 0.3505 0.0722 0.3711 0.2062
 0.9286 0.0102 0.0306 0.0306
 0.0102 0.0102 0.0 0.9796
 0.0102 0.9694 0.0102 0.0102
 0.4082 0.0102 0.5714 0.0102
 0.9596 0.0101 0.0101 0.0202
 0.0612 0.0204 0.0 0.9184
