MEME version 4.11.2

ALPHABET= ACGT

strands: + -

Background letter frequencies(from unknown source):
 A 0.250 C 0.250 G 0.250 T 0.250

MOTIF CUX_2

letter-probability matrix: alength= 4 w= 18
 0.9619 0.0 0.0178 0.0203
 0.023 0.1378 0.0026 0.8367
 0.0357 0.8597 0.023 0.0816
 0.335 0.0228 0.6421 0.0
 0.9797 0.0 0.0127 0.0076
 0.0254 0.0204 0.0051 0.9491
 0.4365 0.2665 0.0761 0.2208
 0.3496 0.2725 0.2031 0.1748
 0.2103 0.3538 0.2333 0.2026
 0.1582 0.3878 0.1735 0.2806
 0.2872 0.2487 0.1974 0.2667
 0.1684 0.1939 0.1862 0.4515
 0.9692 0.0 0.0103 0.0205
 0.0051 0.0102 0.0051 0.9797
 0.0051 0.9239 0.0051 0.066
 0.2132 0.0051 0.7766 0.0051
 0.9796 0.0051 0.0051 0.0102
 0.0561 0.0102 0.0 0.9337
