MEME version 4.11.2

ALPHABET= ACGT

strands: + -

Background letter frequencies(from unknown source):
 A 0.250 C 0.250 G 0.250 T 0.250

MOTIF DMRT1

letter-probability matrix: alength= 4 w= 13
 0.0609 0.0406 0.8579 0.0406
 0.398 0.3367 0.0459 0.2194
 0.3333 0.1111 0.0758 0.4798
 0.9337 0.0153 0.0255 0.0255
 0.0508 0.8985 0.0305 0.0203
 0.8571 0.0153 0.0102 0.1173
 0.7525 0.2475 0.0 0.0
 0.2995 0.0102 0.0254 0.665
 0.0101 0.0202 0.9646 0.0051
 0.0355 0.0152 0.0305 0.9188
 0.5482 0.0305 0.1168 0.3046
 0.2424 0.0303 0.4192 0.3081
 0.0408 0.9031 0.0204 0.0357
