MEME version 4.11.2

ALPHABET= ACGT

strands: + -

Background letter frequencies(from unknown source):
 A 0.250 C 0.250 G 0.250 T 0.250

MOTIF Ebox_CAGATGG

letter-probability matrix: alength= 4 w= 14
 0.3056 0.1944 0.1893 0.3107
 0.3215 0.1893 0.2732 0.216
 0.3258 0.1162 0.4621 0.096
 0.3299 0.1629 0.4145 0.0927
 0.3824 0.1602 0.2713 0.1861
 0.5242 0.0902 0.3129 0.0727
 0.4216 0.254 0.3183 0.0062
 0.0185 0.959 0.0213 0.0011
 0.9832 0.0 0.0011 0.0157
 0.0603 0.0237 0.8254 0.0907
 0.6034 0.3465 0.0428 0.0073
 0.0666 0.0119 0.0096 0.912
 0.0203 0.0073 0.925 0.0474
 0.0384 0.1405 0.6298 0.1913
