MEME version 4.11.2

ALPHABET= ACGT

strands: + -

Background letter frequencies(from unknown source):
 A 0.250 C 0.250 G 0.250 T 0.250

MOTIF FOX_3

letter-probability matrix: alength= 4 w= 14
 0.1494 0.0253 0.8203 0.0051
 0.0456 0.0278 0.0076 0.919
 0.6394 0.0742 0.087 0.1995
 0.719 0.0152 0.0582 0.2076
 0.9797 0.0025 0.0051 0.0127
 0.0102 0.9084 0.0102 0.0712
 0.7817 0.0076 0.2056 0.0051
 0.4719 0.0051 0.5179 0.0051
 0.1173 0.023 0.0051 0.8546
 0.7081 0.236 0.0305 0.0254
 0.9492 0.0355 0.0102 0.0051
 0.9141 0.0429 0.0126 0.0303
 0.0408 0.9158 0.0077 0.0357
 0.9643 0.0128 0.0102 0.0128
