MEME version 4.11.2

ALPHABET= ACGT

strands: + -

Background letter frequencies(from unknown source):
 A 0.250 C 0.250 G 0.250 T 0.250

MOTIF FOX_5

letter-probability matrix: alength= 4 w= 12
 0.346 0.0199 0.6145 0.0197
 0.1318 0.0641 0.0171 0.787
 0.857 0.1053 0.0188 0.0188
 0.9014 0.0417 0.0153 0.0415
 0.9459 0.0143 0.0359 0.004
 0.0185 0.7119 0.0101 0.2595
 0.9709 0.0105 0.0133 0.0053
 0.6989 0.0589 0.0812 0.161
 0.6813 0.0909 0.109 0.1188
 0.2113 0.5627 0.0432 0.1828
 0.8117 0.0247 0.1327 0.0309
 0.3347 0.2864 0.089 0.2898
