MEME version 4.11.2

ALPHABET= ACGT

strands: + -

Background letter frequencies(from unknown source):
 A 0.250 C 0.250 G 0.250 T 0.250

MOTIF GC-tract

letter-probability matrix: alength= 4 w= 20
 0.3911 0.0351 0.5258 0.048
 0.3831 0.0314 0.4873 0.0983
 0.0946 0.0242 0.8546 0.0266
 0.0839 0.105 0.8025 0.0086
 0.5263 0.304 0.066 0.1037
 0.1185 0.0911 0.7143 0.0761
 0.0892 0.0603 0.8091 0.0415
 0.448 0.1618 0.344 0.0461
 0.2052 0.0713 0.6664 0.0572
 0.1848 0.1715 0.5662 0.0775
 0.3043 0.2239 0.3265 0.1452
 0.2477 0.1109 0.5481 0.0933
 0.2574 0.0778 0.6148 0.05
 0.3069 0.1161 0.5198 0.0571
 0.2801 0.0965 0.5668 0.0566
 0.243 0.0826 0.6271 0.0473
 0.3714 0.0949 0.4061 0.1276
 0.28 0.0733 0.5794 0.0672
 0.1818 0.1195 0.5996 0.0991
 0.3716 0.2107 0.3295 0.0881
