MEME version 4.11.2

ALPHABET= ACGT

strands: + -

Background letter frequencies(from unknown source):
 A 0.250 C 0.250 G 0.250 T 0.250

MOTIF HD_10

letter-probability matrix: alength= 4 w= 13
 0.2723 0.0237 0.6305 0.0734
 0.0328 0.06 0.0827 0.8245
 0.1179 0.11 0.0374 0.7347
 0.9505 0.0011 0.0372 0.0113
 0.9085 0.052 0.0056 0.0339
 0.1041 0.0181 0.0045 0.8733
 0.2176 0.1838 0.3957 0.2029
 0.8689 0.0034 0.0249 0.1028
 0.0475 0.0102 0.0667 0.8757
 0.0045 0.0192 0.0023 0.9741
 0.772 0.0248 0.0824 0.1208
 0.8554 0.0531 0.0701 0.0215
 0.0612 0.7857 0.0249 0.1281
