MEME version 4.11.2

ALPHABET= ACGT

strands: + -

Background letter frequencies(from unknown source):
 A 0.250 C 0.250 G 0.250 T 0.250

MOTIF HD_5

letter-probability matrix: alength= 4 w= 16
 0.6112 0.2139 0.0866 0.0883
 0.8586 0.0647 0.029 0.0477
 0.0017 0.0034 0.0017 0.9932
 0.0424 0.1171 0.0407 0.7997
 0.8678 0.0186 0.0559 0.0576
 0.6207 0.0714 0.1003 0.2075
 0.5601 0.1117 0.1015 0.2267
 0.4397 0.0849 0.0968 0.3786
 0.4463 0.1039 0.1704 0.2794
 0.1525 0.3949 0.3356 0.1169
 0.1173 0.6207 0.0442 0.2177
 0.5722 0.2411 0.1613 0.0255
 0.8642 0.0815 0.0238 0.0306
 0.0034 0.0034 0.0017 0.9915
 0.0407 0.1019 0.0221 0.8353
 0.7898 0.0322 0.0508 0.1271
