MEME version 4.11.2

ALPHABET= ACGT

strands: + -

Background letter frequencies(from unknown source):
 A 0.250 C 0.250 G 0.250 T 0.250

MOTIF HD_7

letter-probability matrix: alength= 4 w= 14
 0.082 0.1598 0.0328 0.7254
 0.6965 0.1161 0.0672 0.1202
 0.89 0.0346 0.0387 0.0367
 0.0386 0.0447 0.0589 0.8577
 0.0593 0.0593 0.0879 0.7935
 0.5685 0.0123 0.3763 0.0429
 0.2627 0.2261 0.4379 0.0733
 0.0716 0.4479 0.2413 0.2393
 0.0671 0.376 0.0305 0.5264
 0.8082 0.0755 0.0612 0.0551
 0.8574 0.0611 0.0468 0.0346
 0.051 0.0449 0.0286 0.8755
 0.1327 0.0776 0.1306 0.6592
 0.7612 0.0327 0.1367 0.0694
