MEME version 4.11.2

ALPHABET= ACGT

strands: + -

Background letter frequencies(from unknown source):
 A 0.250 C 0.250 G 0.250 T 0.250

MOTIF HSF

letter-probability matrix: alength= 4 w= 13
 0.0852 0.0639 0.063 0.788
 0.038 0.0269 0.0408 0.8942
 0.0102 0.9648 0.0231 0.0019
 0.012 0.2215 0.1214 0.645
 0.6264 0.1504 0.2103 0.0129
 0.0073 0.022 0.9588 0.0119
 0.8981 0.05 0.0093 0.0426
 0.8738 0.0288 0.025 0.0724
 0.0977 0.4251 0.1879 0.2893
 0.3004 0.2079 0.3207 0.171
 0.0702 0.0379 0.0286 0.8633
 0.0277 0.0304 0.0249 0.917
 0.0231 0.9157 0.025 0.0361
