MEME version 4.11.2

ALPHABET= ACGT

strands: + -

Background letter frequencies(from unknown source):
 A 0.250 C 0.250 G 0.250 T 0.250

MOTIF HSFY2

letter-probability matrix: alength= 4 w= 14
 0.1276 0.0357 0.0561 0.7806
 0.1173 0.7806 0.0918 0.0102
 0.0102 0.0765 0.7908 0.1224
 0.8878 0.051 0.0204 0.0408
 0.6735 0.0612 0.0459 0.2194
 0.2944 0.3096 0.1421 0.2538
 0.1593 0.5051 0.2339 0.1017
 0.3311 0.0777 0.527 0.0642
 0.1531 0.0612 0.0306 0.7551
 0.0307 0.0205 0.0137 0.9352
 0.0707 0.8923 0.0337 0.0034
 0.0 0.119 0.7279 0.1531
 0.8673 0.0578 0.0272 0.0476
 0.6339 0.0949 0.0475 0.2237
