MEME version 4.11.2

ALPHABET= ACGT

strands: + -

Background letter frequencies(from unknown source):
 A 0.250 C 0.250 G 0.250 T 0.250

MOTIF IRF_2

letter-probability matrix: alength= 4 w= 16
 0.5921 0.0642 0.2503 0.0934
 0.7317 0.0661 0.1113 0.0909
 0.7306 0.0465 0.1025 0.1204
 0.317 0.1801 0.3647 0.1381
 0.3374 0.1569 0.2474 0.2583
 0.1628 0.0121 0.8174 0.0076
 0.6874 0.0063 0.3025 0.0038
 0.9639 0.0082 0.0228 0.0051
 0.9651 0.0044 0.012 0.0184
 0.1373 0.4024 0.438 0.0223
 0.1286 0.1439 0.0624 0.6652
 0.1122 0.0431 0.7933 0.0514
 0.8296 0.0292 0.1138 0.0273
 0.8014 0.0426 0.1203 0.0358
 0.8611 0.0312 0.0671 0.0407
 0.123 0.3583 0.465 0.0537
