MEME version 4.11.2

ALPHABET= ACGT

strands: + -

Background letter frequencies(from unknown source):
 A 0.250 C 0.250 G 0.250 T 0.250

MOTIF KLF_SP_2

letter-probability matrix: alength= 4 w= 17
 0.189 0.1347 0.5718 0.1045
 0.1487 0.1238 0.6156 0.112
 0.1633 0.1427 0.615 0.079
 0.2829 0.2346 0.2508 0.2316
 0.1513 0.0978 0.6997 0.0512
 0.1608 0.0264 0.5807 0.2321
 0.1423 0.0146 0.8226 0.0206
 0.0285 0.0082 0.9399 0.0233
 0.0351 0.1015 0.8324 0.031
 0.319 0.4309 0.0247 0.2253
 0.0547 0.0266 0.8525 0.0662
 0.0492 0.0349 0.7892 0.1267
 0.1894 0.0539 0.6866 0.0701
 0.1619 0.0547 0.7079 0.0754
 0.1974 0.4468 0.2586 0.0972
 0.199 0.3174 0.3228 0.1608
 0.1814 0.1174 0.5347 0.1665
