MEME version 4.11.2

ALPHABET= ACGT

strands: + -

Background letter frequencies(from unknown source):
 A 0.250 C 0.250 G 0.250 T 0.250

MOTIF MAF

letter-probability matrix: alength= 4 w= 15
 0.4271 0.0963 0.0914 0.3852
 0.2696 0.2081 0.2081 0.3143
 0.073 0.1048 0.0225 0.7997
 0.0063 0.0177 0.9649 0.011
 0.0853 0.899 0.0038 0.0119
 0.0438 0.0297 0.0072 0.9193
 0.0263 0.0165 0.8708 0.0864
 0.9133 0.0276 0.0157 0.0433
 0.0632 0.4888 0.3412 0.1068
 0.1167 0.0535 0.0841 0.7458
 0.1353 0.705 0.0561 0.1036
 0.7364 0.0402 0.1043 0.119
 0.0741 0.0328 0.7411 0.1521
 0.0286 0.8543 0.0782 0.0388
 0.646 0.0716 0.1578 0.1246
