MEME version 4.11.2

ALPHABET= ACGT

strands: + -

Background letter frequencies(from unknown source):
 A 0.250 C 0.250 G 0.250 T 0.250

MOTIF NR_1

letter-probability matrix: alength= 4 w= 13
 0.4497 0.0086 0.5157 0.026
 0.0246 0.0104 0.9377 0.0273
 0.0413 0.0126 0.7217 0.2243
 0.0388 0.1218 0.0919 0.7475
 0.0052 0.9231 0.0157 0.056
 0.9782 0.0064 0.012 0.0034
 0.9144 0.0049 0.0668 0.0139
 0.9531 0.0003 0.0451 0.0015
 0.0012 0.0 0.9954 0.0034
 0.0058 0.0012 0.6413 0.3517
 0.0095 0.2435 0.04 0.707
 0.0031 0.9258 0.016 0.0551
 0.863 0.0114 0.0985 0.0271
