MEME version 4.11.2

ALPHABET= ACGT

strands: + -

Background letter frequencies(from unknown source):
 A 0.250 C 0.250 G 0.250 T 0.250

MOTIF NR_15

letter-probability matrix: alength= 4 w= 15
 0.4879 0.0081 0.5 0.004
 0.0445 0.0 0.9433 0.0121
 0.0202 0.0 0.5425 0.4372
 0.0041 0.0507 0.0811 0.8641
 0.0202 0.8522 0.0607 0.0668
 0.8577 0.0041 0.1098 0.0285
 0.1633 0.298 0.1531 0.3857
 0.2098 0.3249 0.11 0.3553
 0.1878 0.0474 0.7513 0.0135
 0.4949 0.0068 0.4899 0.0084
 0.0034 0.0034 0.9848 0.0084
 0.0051 0.0034 0.1607 0.8308
 0.0508 0.0338 0.0863 0.8291
 0.0084 0.8547 0.0253 0.1115
 0.7912 0.0458 0.1256 0.0374
