MEME version 4.11.2

ALPHABET= ACGT

strands: + -

Background letter frequencies(from unknown source):
 A 0.250 C 0.250 G 0.250 T 0.250

MOTIF NR_16

letter-probability matrix: alength= 4 w= 16
 0.6607 0.0437 0.2682 0.0274
 0.0775 0.0203 0.8618 0.0405
 0.0228 0.0619 0.8164 0.0989
 0.0218 0.0472 0.0573 0.8737
 0.033 0.8045 0.0574 0.1051
 0.8982 0.0542 0.0238 0.0238
 0.2593 0.3231 0.1654 0.2522
 0.1899 0.2495 0.2882 0.2724
 0.339 0.1828 0.193 0.2852
 0.4073 0.1435 0.3944 0.0548
 0.7908 0.0173 0.18 0.0119
 0.0173 0.0143 0.9542 0.0143
 0.0095 0.0262 0.7293 0.2349
 0.1059 0.0455 0.0449 0.8037
 0.0155 0.8637 0.0562 0.0646
 0.9053 0.0357 0.0429 0.0161
