MEME version 4.11.2

ALPHABET= ACGT

strands: + -

Background letter frequencies(from unknown source):
 A 0.250 C 0.250 G 0.250 T 0.250

MOTIF NR_18

letter-probability matrix: alength= 4 w= 17
 0.1122 0.8163 0.0 0.0714
 0.0816 0.3061 0.2959 0.3163
 0.1856 0.4845 0.2165 0.1134
 0.2127 0.2127 0.4203 0.1544
 0.4359 0.1821 0.3385 0.0436
 0.0588 0.0102 0.8824 0.0486
 0.0281 0.0255 0.7959 0.1505
 0.0612 0.2066 0.102 0.6301
 0.0025 0.883 0.0254 0.0891
 0.6658 0.0612 0.2347 0.0383
 0.1425 0.1934 0.1552 0.5089
 0.0051 0.1256 0.0359 0.8333
 0.0895 0.1176 0.7724 0.0205
 0.6904 0.2081 0.0812 0.0203
 0.1316 0.7797 0.0152 0.0734
 0.0665 0.8747 0.0077 0.0512
 0.0101 0.4785 0.0278 0.4835
