MEME version 4.11.2

ALPHABET= ACGT

strands: + -

Background letter frequencies(from unknown source):
 A 0.250 C 0.250 G 0.250 T 0.250

MOTIF NR_11

letter-probability matrix: alength= 4 w= 13
 0.4813 0.0867 0.3724 0.0595
 0.7712 0.0441 0.1237 0.061
 0.115 0.1058 0.6592 0.12
 0.0397 0.1862 0.2716 0.5025
 0.0285 0.2236 0.0224 0.7256
 0.0091 0.9411 0.0437 0.0061
 0.9462 0.0345 0.0142 0.0051
 0.9037 0.0122 0.0649 0.0193
 0.0346 0.0061 0.9421 0.0173
 0.0212 0.0172 0.908 0.0536
 0.0843 0.2724 0.0559 0.5874
 0.0214 0.8535 0.0285 0.0966
 0.8004 0.0407 0.0784 0.0804
