MEME version 4.11.2

ALPHABET= ACGT

strands: + -

Background letter frequencies(from unknown source):
 A 0.250 C 0.250 G 0.250 T 0.250

MOTIF NR_12

letter-probability matrix: alength= 4 w= 17
 0.8444 0.0073 0.1484 0.0
 0.0014 0.0 0.9805 0.0181
 0.0036 0.0007 0.9168 0.0788
 0.0196 0.0007 0.0319 0.9478
 0.0007 0.9377 0.0232 0.0384
 0.8536 0.0152 0.1229 0.0082
 0.3042 0.2534 0.1357 0.3066
 0.2056 0.3247 0.2517 0.2179
 0.1671 0.3451 0.1549 0.3329
 0.5843 0.1432 0.1588 0.1137
 0.6221 0.0475 0.2846 0.0458
 0.8515 0.0115 0.1357 0.0013
 0.0044 0.0027 0.9754 0.0175
 0.0111 0.002 0.9234 0.0634
 0.0186 0.0277 0.0308 0.9229
 0.0047 0.9444 0.0135 0.0374
 0.949 0.0057 0.0348 0.0105
