MEME version 4.11.2

ALPHABET= ACGT

strands: + -

Background letter frequencies(from unknown source):
 A 0.250 C 0.250 G 0.250 T 0.250

MOTIF NR_17

letter-probability matrix: alength= 4 w= 15
 0.6057 0.0317 0.3258 0.0368
 0.0883 0.002 0.8437 0.066
 0.05 0.0122 0.9184 0.0194
 0.0673 0.0398 0.1274 0.7655
 0.0071 0.8821 0.0549 0.0559
 0.8742 0.0152 0.0822 0.0284
 0.0965 0.4797 0.2571 0.1667
 0.2333 0.4767 0.1531 0.1369
 0.1622 0.2735 0.4071 0.1571
 0.0884 0.1047 0.0407 0.7663
 0.0549 0.056 0.8718 0.0173
 0.6291 0.1728 0.0965 0.1016
 0.0671 0.8393 0.0315 0.0621
 0.1175 0.8146 0.0132 0.0547
 0.0652 0.3198 0.053 0.5621
