MEME version 4.11.2

ALPHABET= ACGT

strands: + -

Background letter frequencies(from unknown source):
 A 0.250 C 0.250 G 0.250 T 0.250

MOTIF NR_20

letter-probability matrix: alength= 4 w= 14
 0.0281 0.0008 0.9523 0.0188
 0.4166 0.1049 0.1527 0.3258
 0.9641 0.0101 0.0078 0.0179
 0.0008 0.9813 0.0047 0.0132
 0.8332 0.011 0.0901 0.0658
 0.0815 0.3715 0.134 0.413
 0.1445 0.2945 0.1484 0.4125
 0.2749 0.2161 0.3626 0.1464
 0.0446 0.0901 0.007 0.8583
 0.0023 0.0117 0.9829 0.0031
 0.0172 0.0094 0.007 0.9664
 0.3388 0.147 0.1046 0.4096
 0.0234 0.9438 0.0016 0.0312
 0.0406 0.5445 0.007 0.4078
