MEME version 4.11.2

ALPHABET= ACGT

strands: + -

Background letter frequencies(from unknown source):
 A 0.250 C 0.250 G 0.250 T 0.250

MOTIF NR_3

letter-probability matrix: alength= 4 w= 14
 0.1433 0.1174 0.2551 0.4842
 0.3855 0.0798 0.4703 0.0644
 0.185 0.0342 0.6809 0.0999
 0.1275 0.085 0.6765 0.1109
 0.1761 0.1815 0.2973 0.3451
 0.2013 0.4113 0.2144 0.173
 0.6764 0.1208 0.1479 0.055
 0.5282 0.0713 0.3069 0.0937
 0.7458 0.0122 0.2332 0.0088
 0.0888 0.0034 0.8481 0.0597
 0.0373 0.0136 0.8312 0.118
 0.04 0.0957 0.2551 0.6092
 0.0719 0.7444 0.1078 0.0759
 0.8374 0.0318 0.082 0.0488
