MEME version 4.11.2

ALPHABET= ACGT

strands: + -

Background letter frequencies(from unknown source):
 A 0.250 C 0.250 G 0.250 T 0.250

MOTIF OCT4+SOX2

letter-probability matrix: alength= 4 w= 14
 0.0987 0.5196 0.0784 0.3033
 0.4425 0.0218 0.0568 0.4789
 0.0203 0.0304 0.0232 0.9262
 0.0483 0.0029 0.0835 0.8653
 0.0815 0.2533 0.6026 0.0626
 0.3023 0.0189 0.0203 0.6584
 0.2551 0.2159 0.1435 0.3855
 0.8258 0.029 0.0348 0.1103
 0.0362 0.0072 0.0261 0.9304
 0.0247 0.0189 0.8372 0.1192
 0.029 0.6981 0.1074 0.1655
 0.6643 0.0333 0.0449 0.2576
 0.6391 0.0536 0.1884 0.1188
 0.7901 0.0335 0.0787 0.0977
