MEME version 4.11.2

ALPHABET= ACGT

strands: + -

Background letter frequencies(from unknown source):
 A 0.250 C 0.250 G 0.250 T 0.250

MOTIF P53-like_1

letter-probability matrix: alength= 4 w= 16
 0.6298 0.0237 0.2899 0.0566
 0.0093 0.9647 0.0093 0.0168
 0.8066 0.045 0.067 0.0814
 0.218 0.0085 0.0517 0.7218
 0.0008 0.0025 0.9949 0.0017
 0.0323 0.3812 0.0042 0.5823
 0.0898 0.6551 0.0466 0.2085
 0.1251 0.6069 0.1285 0.1395
 0.3803 0.2377 0.2258 0.1562
 0.2791 0.0373 0.6166 0.067
 0.6017 0.0077 0.3455 0.0451
 0.0025 0.9874 0.0076 0.0025
 0.7169 0.0661 0.0136 0.2034
 0.0788 0.1169 0.0661 0.7381
 0.0261 0.0118 0.9579 0.0042
 0.0568 0.3712 0.0237 0.5483
