MEME version 4.11.2

ALPHABET= ACGT

strands: + -

Background letter frequencies(from unknown source):
 A 0.250 C 0.250 G 0.250 T 0.250

MOTIF PAX_1

letter-probability matrix: alength= 4 w= 14
 0.019 0.0215 0.744 0.2155
 0.0884 0.0244 0.0213 0.8659
 0.0183 0.732 0.0091 0.2406
 0.8222 0.1392 0.0203 0.0183
 0.0162 0.8174 0.0101 0.1562
 0.0668 0.0142 0.9109 0.0081
 0.004 0.8202 0.1697 0.0061
 0.4776 0.0571 0.0173 0.448
 0.0081 0.0916 0.0041 0.8961
 0.0061 0.3286 0.6531 0.0122
 0.8012 0.002 0.1886 0.0081
 0.1918 0.3518 0.2821 0.1744
 0.0204 0.107 0.0153 0.8573
 0.1207 0.0 0.7421 0.1372
