MEME version 4.11.2

ALPHABET= ACGT

strands: + -

Background letter frequencies(from unknown source):
 A 0.250 C 0.250 G 0.250 T 0.250

MOTIF PAX_2

letter-probability matrix: alength= 4 w= 17
 0.2704 0.0408 0.6786 0.0102
 0.2296 0.1684 0.449 0.1531
 0.0102 0.1684 0.5612 0.2602
 0.0513 0.8359 0.0359 0.0769
 0.7766 0.0558 0.1421 0.0254
 0.2755 0.1633 0.5051 0.0561
 0.0255 0.6429 0.1276 0.2041
 0.2944 0.3756 0.2944 0.0355
 0.4315 0.0548 0.4692 0.0445
 0.5559 0.061 0.2136 0.1695
 0.0136 0.1803 0.7993 0.0068
 0.0068 0.8469 0.0306 0.1156
 0.1877 0.0273 0.7679 0.0171
 0.1695 0.0508 0.1356 0.6441
 0.1429 0.0204 0.8299 0.0068
 0.7993 0.0272 0.119 0.0544
 0.1186 0.8102 0.0407 0.0305
