MEME version 4.11.2

ALPHABET= ACGT

strands: + -

Background letter frequencies(from unknown source):
 A 0.250 C 0.250 G 0.250 T 0.250

MOTIF POU_3

letter-probability matrix: alength= 4 w= 12
 0.2168 0.5204 0.0816 0.1811
 0.6654 0.0927 0.0352 0.2067
 0.1019 0.0278 0.0204 0.85
 0.1462 0.0268 0.7419 0.0851
 0.5371 0.3794 0.038 0.0455
 0.844 0.0399 0.0251 0.091
 0.1446 0.0241 0.0195 0.8119
 0.8795 0.0139 0.0148 0.0918
 0.222 0.0241 0.0176 0.7364
 0.148 0.0389 0.3691 0.444
 0.0992 0.6033 0.076 0.2215
 0.79 0.0919 0.0352 0.0829
