MEME version 4.11.2

ALPHABET= ACGT

strands: + -

Background letter frequencies(from unknown source):
 A 0.250 C 0.250 G 0.250 T 0.250

MOTIF POU_2

letter-probability matrix: alength= 4 w= 12
 0.0715 0.0689 0.0332 0.8264
 0.1203 0.0314 0.7746 0.0737
 0.4049 0.572 0.0026 0.0205
 0.9491 0.0161 0.0093 0.0254
 0.011 0.0017 0.0008 0.9865
 0.7559 0.0153 0.0271 0.2017
 0.7289 0.0507 0.0262 0.1943
 0.2055 0.0332 0.0332 0.728
 0.1003 0.0408 0.0689 0.79
 0.5357 0.1138 0.0917 0.2589
 0.8617 0.0348 0.0441 0.0594
 0.0448 0.0703 0.0512 0.8338
