MEME version 4.11.2

ALPHABET= ACGT

strands: + -

Background letter frequencies(from unknown source):
 A 0.250 C 0.250 G 0.250 T 0.250

MOTIF REST_NRSF

letter-probability matrix: alength= 4 w= 18
 0.034 0.8844 0.0204 0.0612
 0.9147 0.0137 0.0546 0.0171
 0.0169 0.0407 0.9356 0.0068
 0.0646 0.6395 0.1905 0.1054
 0.9831 0.0034 0.0102 0.0034
 0.0034 0.9831 0.0101 0.0034
 0.0168 0.9293 0.0135 0.0404
 0.5695 0.1085 0.1356 0.1864
 0.1361 0.2755 0.0646 0.5238
 0.0169 0.0 0.9831 0.0
 0.0101 0.0 0.9899 0.0
 0.9082 0.051 0.0136 0.0272
 0.0034 0.8401 0.1259 0.0306
 0.9864 0.0034 0.0034 0.0068
 0.017 0.0034 0.9762 0.0034
 0.1254 0.678 0.0949 0.1017
 0.2109 0.017 0.4626 0.3095
 0.1429 0.6088 0.1837 0.0646
