MEME version 4.11.2

ALPHABET= ACGT

strands: + -

Background letter frequencies(from unknown source):
 A 0.250 C 0.250 G 0.250 T 0.250

MOTIF RFX_1

letter-probability matrix: alength= 4 w= 14
 0.0234 0.0 0.9755 0.0011
 0.0011 0.0208 0.0032 0.9749
 0.0898 0.0887 0.0011 0.8204
 0.2131 0.015 0.6957 0.0762
 0.0016 0.8863 0.0086 0.1035
 0.0011 0.7692 0.0027 0.2271
 0.8928 0.0178 0.0328 0.0565
 0.072 0.0236 0.0801 0.8243
 0.1554 0.0005 0.8441 0.0
 0.0958 0.0155 0.886 0.0027
 0.1403 0.4892 0.0817 0.2887
 0.6928 0.0172 0.1861 0.1038
 0.8846 0.0542 0.0435 0.0177
 0.0198 0.891 0.0226 0.0667
