MEME version 4.11.2

ALPHABET= ACGT

strands: + -

Background letter frequencies(from unknown source):
 A 0.250 C 0.250 G 0.250 T 0.250

MOTIF RFX_3

letter-probability matrix: alength= 4 w= 13
 0.0909 0.3333 0.3535 0.2222
 0.0914 0.5178 0.1777 0.2132
 0.1929 0.0863 0.2792 0.4416
 0.0303 0.0202 0.9394 0.0101
 0.0202 0.1263 0.0859 0.7677
 0.1173 0.1378 0.0306 0.7143
 0.1111 0.0303 0.6667 0.1919
 0.0153 0.9337 0.0051 0.0459
 0.0051 0.5127 0.0102 0.4721
 0.5051 0.1122 0.2755 0.1071
 0.1777 0.0203 0.5635 0.2386
 0.0508 0.0254 0.9137 0.0102
 0.1414 0.3939 0.3131 0.1515
