MEME version 4.11.2

ALPHABET= ACGT

strands: + -

Background letter frequencies(from unknown source):
 A 0.250 C 0.250 G 0.250 T 0.250

MOTIF SMARCA5

letter-probability matrix: alength= 4 w= 19
 0.8163 0.1071 0.0663 0.0102
 0.8367 0.0102 0.0408 0.1122
 0.085 0.0272 0.0986 0.7891
 0.0305 0.0034 0.8881 0.078
 0.0308 0.1103 0.8385 0.0205
 0.8015 0.0865 0.0458 0.0662
 0.5357 0.2143 0.148 0.102
 0.0663 0.051 0.0867 0.7959
 0.1069 0.3511 0.341 0.201
 0.1026 0.0769 0.8026 0.0179
 0.7806 0.0204 0.1556 0.0434
 0.8061 0.1071 0.0536 0.0332
 0.0512 0.0384 0.0691 0.8414
 0.0787 0.0025 0.9112 0.0076
 0.0153 0.2455 0.7315 0.0077
 0.926 0.0255 0.0128 0.0357
 0.7724 0.0818 0.1355 0.0102
 0.1831 0.0339 0.1458 0.6373
 0.0375 0.6314 0.2014 0.1297
