MEME version 4.11.2

ALPHABET= ACGT

strands: + -

Background letter frequencies(from unknown source):
 A 0.250 C 0.250 G 0.250 T 0.250

MOTIF SOX_1

letter-probability matrix: alength= 4 w= 13
 0.4518 0.0152 0.269 0.264
 0.2704 0.0612 0.5816 0.0867
 0.2538 0.1777 0.5178 0.0508
 0.2606 0.2317 0.2964 0.2112
 0.1431 0.2697 0.3002 0.2869
 0.0498 0.5368 0.1852 0.2282
 0.0413 0.7008 0.0341 0.2238
 0.4985 0.0227 0.0082 0.4705
 0.0106 0.0261 0.0217 0.9415
 0.0139 0.0086 0.013 0.9645
 0.0203 0.042 0.9184 0.0193
 0.0342 0.0034 0.0106 0.9518
 0.0851 0.2245 0.1606 0.5298
