MEME version 4.11.2

ALPHABET= ACGT

strands: + -

Background letter frequencies(from unknown source):
 A 0.250 C 0.250 G 0.250 T 0.250

MOTIF TBX_1

letter-probability matrix: alength= 4 w= 16
 0.017 0.0528 0.075 0.8552
 0.2835 0.4363 0.1732 0.107
 0.534 0.0901 0.3129 0.0629
 0.0255 0.9253 0.0255 0.0238
 0.8803 0.0202 0.0607 0.0388
 0.0805 0.6421 0.1096 0.1678
 0.2513 0.3939 0.2139 0.1409
 0.146 0.0934 0.1036 0.657
 0.6419 0.0709 0.1892 0.098
 0.1658 0.1489 0.4332 0.2521
 0.0884 0.1156 0.7432 0.0527
 0.0068 0.0305 0.0 0.9627
 0.0017 0.0084 0.9848 0.0051
 0.0867 0.2075 0.0136 0.6922
 0.0323 0.1647 0.6231 0.18
 0.9372 0.0102 0.0289 0.0238
