MEME version 4.11.2

ALPHABET= ACGT

strands: + -

Background letter frequencies(from unknown source):
 A 0.250 C 0.250 G 0.250 T 0.250

MOTIF TBX_3

letter-probability matrix: alength= 4 w= 18
 0.0976 0.1951 0.0183 0.689
 0.2033 0.5102 0.2114 0.0752
 0.4959 0.1857 0.2 0.1184
 0.0163 0.9817 0.0 0.002
 0.9511 0.0061 0.0265 0.0163
 0.0163 0.8248 0.1426 0.0163
 0.0896 0.723 0.0346 0.1527
 0.142 0.2292 0.0304 0.5984
 0.1537 0.3381 0.1537 0.3545
 0.1781 0.4326 0.1552 0.2341
 0.3026 0.2615 0.1897 0.2462
 0.2589 0.264 0.2589 0.2183
 0.6633 0.051 0.1735 0.1122
 0.1546 0.1443 0.5567 0.1443
 0.0204 0.0408 0.9082 0.0306
 0.0 0.2041 0.0204 0.7755
 0.0 0.0 1.0 0.0
 0.0714 0.1939 0.0204 0.7143
