MEME version 4.11.2

ALPHABET= ACGT

strands: + -

Background letter frequencies(from unknown source):
 A 0.250 C 0.250 G 0.250 T 0.250

MOTIF TBX_4

letter-probability matrix: alength= 4 w= 23
 0.7197 0.2551 0.0253 0.0
 0.2494 0.7379 0.0127 0.0
 0.1069 0.7659 0.0356 0.0916
 0.1041 0.2224 0.1429 0.5306
 0.2057 0.2729 0.1507 0.3707
 0.4327 0.1408 0.1633 0.2633
 0.4249 0.07 0.2706 0.2345
 0.8482 0.0099 0.0934 0.0485
 0.1028 0.051 0.7928 0.0534
 0.0 0.0018 0.9937 0.0045
 0.0015 0.0412 0.0081 0.9492
 0.0012 0.0 0.9988 0.0
 0.0309 0.0696 0.0105 0.889
 0.0183 0.0654 0.7856 0.1306
 0.9638 0.0036 0.0206 0.012
 0.723 0.0651 0.0688 0.1431
 0.4391 0.1564 0.2249 0.1796
 0.2368 0.0772 0.2571 0.4289
 0.1351 0.1385 0.107 0.6194
 0.1916 0.3817 0.3861 0.0406
 0.5017 0.0475 0.1339 0.3169
 0.0017 0.5642 0.3936 0.0405
 0.8212 0.0084 0.0202 0.1501
