MEME version 4.11.2

ALPHABET= ACGT

strands: + -

Background letter frequencies(from unknown source):
 A 0.250 C 0.250 G 0.250 T 0.250

MOTIF TBX_2

letter-probability matrix: alength= 4 w= 17
 0.1711 0.0102 0.8086 0.0102
 0.0453 0.1067 0.3421 0.5058
 0.0014 0.0029 0.9928 0.0029
 0.0523 0.1017 0.0116 0.8343
 0.0189 0.0742 0.7889 0.1179
 0.4964 0.045 0.0682 0.3904
 0.2861 0.0876 0.4511 0.1752
 0.766 0.0276 0.0465 0.1599
 0.3226 0.1153 0.0803 0.4818
 0.3255 0.1168 0.1971 0.3606
 0.0189 0.0553 0.0102 0.9156
 0.2169 0.5852 0.163 0.0349
 0.8224 0.0087 0.1063 0.0626
 0.0 1.0 0.0 0.0
 0.9072 0.0029 0.0899 0.0
 0.0044 0.9826 0.0131 0.0
 0.0509 0.6754 0.1164 0.1572
