MEME version 4.11.2

ALPHABET= ACGT

strands: + -

Background letter frequencies(from unknown source):
 A 0.250 C 0.250 G 0.250 T 0.250

MOTIF TEAD

letter-probability matrix: alength= 4 w= 13
 0.5863 0.0197 0.3598 0.0342
 0.1939 0.7712 0.0247 0.0102
 0.9754 0.0109 0.0051 0.0087
 0.0036 0.0022 0.0022 0.992
 0.1299 0.0058 0.0283 0.836
 0.0065 0.9594 0.0138 0.0203
 0.0073 0.8548 0.0015 0.1365
 0.4485 0.053 0.1161 0.3824
 0.1942 0.2095 0.3749 0.2214
 0.243 0.1972 0.4453 0.1145
 0.2271 0.5051 0.198 0.0699
 0.6917 0.0994 0.0832 0.1258
 0.0556 0.0808 0.1061 0.7576
