MEME version 4.11.2

ALPHABET= ACGT

strands: + -

Background letter frequencies(from unknown source):
 A 0.250 C 0.250 G 0.250 T 0.250

MOTIF ZFN121

letter-probability matrix: alength= 4 w= 19
 0.0206 0.9381 0.0206 0.0206
 0.0816 0.0306 0.0816 0.8061
 0.0102 0.0102 0.9694 0.0102
 0.0306 0.0204 0.949 0.0
 0.0918 0.0612 0.8469 0.0
 0.0306 0.9388 0.0306 0.0
 0.8367 0.0918 0.0612 0.0102
 0.8265 0.0612 0.0918 0.0204
 0.0404 0.7576 0.0909 0.1111
 0.8571 0.0306 0.0918 0.0204
 0.0303 0.2222 0.303 0.4444
 0.8367 0.0204 0.0408 0.102
 0.0204 0.0306 0.9286 0.0204
 0.0306 0.5816 0.0306 0.3571
 0.449 0.0816 0.4388 0.0306
 0.8878 0.0204 0.0612 0.0306
 0.0202 0.0202 0.9495 0.0101
 0.8776 0.0408 0.0612 0.0204
 0.0206 0.8247 0.0309 0.1237
