MEME version 4.11.2

ALPHABET= ACGT

strands: + -

Background letter frequencies(from unknown source):
 A 0.250 C 0.250 G 0.250 T 0.250

MOTIF ZNF134

letter-probability matrix: alength= 4 w= 20
 0.1616 0.5657 0.1212 0.1515
 0.2245 0.5306 0.1531 0.0918
 0.1531 0.1122 0.1531 0.5816
 0.1429 0.3571 0.3265 0.1735
 0.4021 0.1753 0.299 0.1237
 0.2371 0.3918 0.0928 0.2784
 0.1515 0.6061 0.0808 0.1616
 0.0412 0.2887 0.0412 0.6289
 0.5306 0.3469 0.0612 0.0612
 0.9394 0.0101 0.0404 0.0101
 0.0102 0.0204 0.2245 0.7449
 0.0 0.9394 0.0303 0.0303
 0.9495 0.0101 0.0303 0.0101
 0.0101 0.0 0.9091 0.0808
 0.0412 0.0825 0.433 0.4433
 0.0515 0.0722 0.1856 0.6907
 0.1313 0.0101 0.8283 0.0303
 0.7347 0.2041 0.051 0.0102
 0.5204 0.102 0.1327 0.2449
 0.0303 0.0808 0.8586 0.0303
