MEME version 4.11.2

ALPHABET= ACGT

strands: + -

Background letter frequencies(from unknown source):
 A 0.250 C 0.250 G 0.250 T 0.250

MOTIF ZNF136

letter-probability matrix: alength= 4 w= 22
 0.1224 0.0306 0.7653 0.0816
 0.0408 0.8776 0.0102 0.0714
 0.0103 0.0412 0.0 0.9485
 0.0619 0.0 0.8969 0.0412
 0.1429 0.0408 0.7959 0.0204
 0.5657 0.0202 0.3838 0.0303
 0.0101 0.1313 0.0101 0.8485
 0.9293 0.0101 0.0202 0.0404
 0.0918 0.2755 0.0102 0.6224
 0.9293 0.0101 0.0606 0.0
 0.1837 0.0408 0.7653 0.0102
 0.4388 0.0612 0.051 0.449
 0.949 0.0102 0.0306 0.0102
 0.0202 0.0202 0.0101 0.9495
 0.0204 0.0408 0.0306 0.9082
 0.0206 0.8454 0.0103 0.1237
 0.0204 0.0408 0.0306 0.9082
 0.1327 0.051 0.1531 0.6633
 0.1414 0.0 0.798 0.0606
 0.0306 0.0102 0.949 0.0102
 0.0612 0.2245 0.0 0.7143
 0.0204 0.0204 0.0408 0.9184
