MEME version 4.11.2

ALPHABET= ACGT

strands: + -

Background letter frequencies(from unknown source):
 A 0.250 C 0.250 G 0.250 T 0.250

MOTIF ZNF140

letter-probability matrix: alength= 4 w= 18
 0.5714 0.1633 0.1327 0.1327
 0.101 0.4949 0.101 0.303
 0.0816 0.602 0.1531 0.1633
 0.1429 0.6122 0.0408 0.2041
 0.6531 0.051 0.0612 0.2347
 0.0816 0.0102 0.7959 0.1122
 0.0 0.9697 0.0101 0.0202
 0.8469 0.0918 0.0102 0.051
 0.9286 0.0102 0.051 0.0102
 0.0 0.0202 0.0 0.9798
 0.0 0.0 0.0 1.0
 0.0102 0.9898 0.0 0.0
 0.0612 0.6939 0.0102 0.2347
 0.4694 0.0204 0.5102 0.0
 0.0204 0.8673 0.0408 0.0714
 0.0101 0.101 0.0101 0.8788
 0.0 0.9592 0.0 0.0408
 0.1531 0.7245 0.0102 0.1122
