MEME version 4.11.2

ALPHABET= ACGT

strands: + -

Background letter frequencies(from unknown source):
 A 0.250 C 0.250 G 0.250 T 0.250

MOTIF ZNF143_cl173

letter-probability matrix: alength= 4 w= 19
 0.0204 0.0346 0.8839 0.0611
 0.0939 0.6633 0.1959 0.0469
 0.496 0.3623 0.0405 0.1012
 0.0224 0.198 0.0367 0.7429
 0.0347 0.2082 0.3796 0.3776
 0.0644 0.6193 0.1347 0.1816
 0.0364 0.1383 0.0044 0.821
 0.0218 0.0029 0.9666 0.0087
 0.0072 0.0087 0.9681 0.0159
 0.0304 0.0072 0.9493 0.013
 0.8621 0.0189 0.09 0.029
 0.4014 0.0841 0.4188 0.0957
 0.3436 0.0731 0.1827 0.4006
 0.0385 0.1014 0.0771 0.783
 0.0223 0.0344 0.915 0.0283
 0.0469 0.0469 0.102 0.8041
 0.8548 0.0204 0.1022 0.0225
 0.0346 0.0224 0.9329 0.0102
 0.0163 0.0286 0.0755 0.8796
