MEME version 4.11.2

ALPHABET= ACGT

strands: + -

Background letter frequencies(from unknown source):
 A 0.250 C 0.250 G 0.250 T 0.250

MOTIF ZNF274

letter-probability matrix: alength= 4 w= 20
 0.051 0.8265 0.0714 0.051
 0.8673 0.051 0.0306 0.051
 0.0306 0.2857 0.1224 0.5612
 0.7551 0.1429 0.051 0.051
 0.2143 0.6531 0.0918 0.0408
 0.2222 0.0101 0.0303 0.7374
 0.0408 0.0816 0.8163 0.0612
 0.0909 0.0202 0.8586 0.0303
 0.7778 0.0202 0.0909 0.1111
 0.2551 0.0612 0.6633 0.0204
 0.7755 0.0204 0.0306 0.1735
 0.1429 0.0408 0.7959 0.0204
 0.7629 0.0412 0.1959 0.0
 0.8776 0.0408 0.0612 0.0204
 0.7959 0.0306 0.1327 0.0408
 0.0816 0.6429 0.0408 0.2347
 0.0408 0.7551 0.1224 0.0816
 0.1327 0.4592 0.1837 0.2245
 0.2245 0.0714 0.0408 0.6633
 0.8163 0.0714 0.0816 0.0306
