MEME version 4.11.2

ALPHABET= ACGT

strands: + -

Background letter frequencies(from unknown source):
 A 0.250 C 0.250 G 0.250 T 0.250

MOTIF ZNF335

letter-probability matrix: alength= 4 w= 20
 0.0515 0.0722 0.7732 0.1031
 0.0714 0.6327 0.1633 0.1327
 0.0103 0.2165 0.0103 0.7629
 0.0 0.0309 0.866 0.1031
 0.0412 0.3402 0.0928 0.5258
 0.0 0.9381 0.0206 0.0412
 0.0 0.5979 0.0103 0.3918
 0.1919 0.1818 0.2929 0.3333
 0.1429 0.3469 0.2245 0.2857
 0.2755 0.2143 0.3469 0.1633
 0.102 0.2755 0.5 0.1224
 0.2347 0.551 0.051 0.1633
 0.1769 0.0986 0.3878 0.3367
 0.2203 0.4949 0.1729 0.1119
 0.0169 0.0915 0.0 0.8915
 0.0102 0.0273 0.8635 0.099
 0.0102 0.727 0.0273 0.2355
 0.0273 0.9283 0.0034 0.041
 0.0411 0.0274 0.0274 0.9041
 0.0719 0.0856 0.7774 0.0651
