MEME version 4.11.2

ALPHABET= ACGT

strands: + -

Background letter frequencies(from unknown source):
 A 0.250 C 0.250 G 0.250 T 0.250

MOTIF ZNF332

letter-probability matrix: alength= 4 w= 17
 0.4949 0.0816 0.1684 0.2551
 0.0663 0.051 0.7449 0.1378
 0.1582 0.6429 0.0357 0.1633
 0.0306 0.9388 0.0051 0.0255
 0.0561 0.0867 0.0357 0.8214
 0.2653 0.0357 0.6633 0.0357
 0.0773 0.3763 0.4536 0.0928
 0.0859 0.1263 0.101 0.6869
 0.736 0.1726 0.0355 0.0558
 0.0 1.0 0.0 0.0
 0.4308 0.0769 0.1692 0.3231
 0.0152 0.3655 0.5888 0.0305
 0.4615 0.0872 0.0974 0.3538
 0.0306 0.0153 0.9031 0.051
 0.041 0.8308 0.0564 0.0718
 0.1122 0.7551 0.0357 0.0969
 0.1117 0.0914 0.1624 0.6345
