MEME version 4.11.2

ALPHABET= ACGT

strands: + -

Background letter frequencies(from unknown source):
 A 0.250 C 0.250 G 0.250 T 0.250

MOTIF ZNF317

letter-probability matrix: alength= 4 w= 19
 0.1735 0.0408 0.7551 0.0306
 0.7551 0.0408 0.1531 0.051
 0.3918 0.2268 0.1031 0.2784
 0.1735 0.051 0.1224 0.6531
 0.3061 0.0306 0.5306 0.1327
 0.8265 0.0612 0.0612 0.051
 0.0101 0.9192 0.0101 0.0606
 0.7755 0.0204 0.0714 0.1327
 0.1515 0.0202 0.7879 0.0404
 0.1327 0.7959 0.0204 0.051
 0.4141 0.0404 0.0404 0.5051
 0.0722 0.0 0.9175 0.0103
 0.9691 0.0103 0.0103 0.0103
 0.0306 0.6531 0.0102 0.3061
 0.1224 0.051 0.0306 0.7959
 0.102 0.0918 0.0714 0.7347
 0.1122 0.5816 0.0408 0.2653
 0.0612 0.102 0.0816 0.7551
 0.0928 0.5979 0.1237 0.1856
