MEME version 4.11.2

ALPHABET= ACGT

strands: + -

Background letter frequencies(from unknown source):
 A 0.250 C 0.250 G 0.250 T 0.250

MOTIF ZNF320

letter-probability matrix: alength= 4 w= 19
 0.0606 0.0404 0.7879 0.1111
 0.0309 0.0103 0.4124 0.5464
 0.0825 0.0309 0.7938 0.0928
 0.0102 0.0102 0.9694 0.0102
 0.0102 0.0102 0.9694 0.0102
 0.3776 0.0204 0.3265 0.2755
 0.0918 0.6224 0.1224 0.1633
 0.1111 0.7778 0.0505 0.0606
 0.5155 0.299 0.0412 0.1443
 0.2424 0.0202 0.6263 0.1111
 0.0816 0.0102 0.7653 0.1429
 0.0102 0.0 0.9796 0.0102
 0.0204 0.0 0.9796 0.0
 0.0408 0.0204 0.9184 0.0204
 0.2755 0.7245 0.0 0.0
 0.2857 0.602 0.0408 0.0714
 0.4592 0.051 0.1531 0.3367
 0.3918 0.0515 0.4433 0.1134
 0.0612 0.2245 0.1327 0.5816
