MEME version 4.11.2

ALPHABET= ACGT

strands: + -

Background letter frequencies(from unknown source):
 A 0.250 C 0.250 G 0.250 T 0.250

MOTIF ZNF324

letter-probability matrix: alength= 4 w= 19
 0.0909 0.1414 0.0404 0.7273
 0.0202 0.6061 0.1414 0.2323
 0.5102 0.2449 0.1939 0.051
 0.6162 0.2525 0.0606 0.0707
 0.551 0.1531 0.2347 0.0612
 0.0606 0.8283 0.0505 0.0606
 0.0306 0.7857 0.051 0.1327
 0.5816 0.1735 0.0612 0.1837
 0.0606 0.0909 0.1414 0.7071
 0.0303 0.8788 0.0404 0.0505
 0.0204 0.898 0.0204 0.0612
 0.0606 0.2727 0.0404 0.6263
 0.0404 0.1919 0.0707 0.697
 0.1616 0.101 0.303 0.4343
 0.1224 0.2857 0.449 0.1429
 0.1327 0.7347 0.0612 0.0714
 0.1515 0.1919 0.0808 0.5758
 0.0714 0.1633 0.4796 0.2857
 0.0918 0.4694 0.3163 0.1224
