MEME version 4.11.2

ALPHABET= ACGT

strands: + -

Background letter frequencies(from unknown source):
 A 0.250 C 0.250 G 0.250 T 0.250

MOTIF ZNF354

letter-probability matrix: alength= 4 w= 25
 0.0101 0.8182 0.0101 0.1616
 0.102 0.8061 0.0102 0.0816
 0.6224 0.0765 0.2296 0.0714
 0.4427 0.1399 0.2239 0.1934
 0.0888 0.1142 0.0685 0.7284
 0.1118 0.1484 0.1626 0.5772
 0.1324 0.4033 0.1874 0.277
 0.3694 0.3306 0.1796 0.1204
 0.387 0.1527 0.1527 0.3075
 0.1163 0.098 0.1612 0.6245
 0.1959 0.2163 0.1245 0.4633
 0.3075 0.3931 0.0815 0.2179
 0.1898 0.149 0.3184 0.3429
 0.2577 0.1125 0.137 0.4928
 0.1344 0.1303 0.2587 0.4766
 0.0305 0.1813 0.2098 0.5784
 0.1667 0.561 0.1667 0.1057
 0.1166 0.5603 0.0389 0.2843
 0.3735 0.2551 0.0551 0.3163
 0.0571 0.1796 0.0857 0.6776
 0.1379 0.0953 0.0588 0.7079
 0.0367 0.3612 0.0918 0.5102
 0.3715 0.1756 0.3333 0.1196
 0.6576 0.0881 0.1254 0.1288
 0.1492 0.0475 0.1763 0.6271
