MEME version 4.11.2

ALPHABET= ACGT

strands: + -

Background letter frequencies(from unknown source):
 A 0.250 C 0.250 G 0.250 T 0.250

MOTIF ZNF382

letter-probability matrix: alength= 4 w= 21
 0.0714 0.1122 0.0714 0.7449
 0.4536 0.0309 0.3093 0.2062
 0.1633 0.0408 0.7041 0.0918
 0.0707 0.0505 0.6667 0.2121
 0.398 0.0816 0.4694 0.051
 0.0612 0.1224 0.051 0.7653
 0.0204 0.8163 0.0102 0.1531
 0.0816 0.0612 0.1429 0.7143
 0.051 0.0408 0.9082 0.0
 0.0 0.0 0.0102 0.9898
 0.6735 0.0 0.1531 0.1735
 0.0612 0.1633 0.7143 0.0612
 0.0204 0.0204 0.0102 0.949
 0.3776 0.0102 0.551 0.0612
 0.602 0.1122 0.1939 0.0918
 0.0202 0.0404 0.0202 0.9192
 0.1122 0.0204 0.7143 0.1531
 0.0306 0.1735 0.1633 0.6327
 0.051 0.8469 0.0102 0.0918
 0.1224 0.2959 0.0204 0.5612
 0.0204 0.8367 0.0306 0.1122
