MEME version 4.11.2

ALPHABET= ACGT

strands: + -

Background letter frequencies(from unknown source):
 A 0.250 C 0.250 G 0.250 T 0.250

MOTIF ZNF41

letter-probability matrix: alength= 4 w= 22
 0.7172 0.101 0.1313 0.0505
 0.101 0.7273 0.0707 0.101
 0.7475 0.0606 0.1414 0.0505
 0.7245 0.0 0.2449 0.0306
 0.0606 0.0202 0.8788 0.0404
 0.1122 0.0306 0.7959 0.0612
 0.398 0.0 0.602 0.0
 0.9691 0.0 0.0206 0.0103
 0.449 0.0714 0.4694 0.0102
 0.2268 0.1959 0.1134 0.4639
 0.4388 0.2143 0.2041 0.1429
 0.5306 0.1122 0.2551 0.102
 0.3608 0.0309 0.5052 0.1031
 0.2449 0.2143 0.4184 0.1224
 0.051 0.7551 0.1122 0.0816
 0.9897 0.0 0.0103 0.0
 0.0306 0.9286 0.0408 0.0
 0.2323 0.697 0.0202 0.0505
 0.8384 0.0101 0.1212 0.0303
 0.1134 0.0412 0.1134 0.732
 0.0918 0.1735 0.6531 0.0816
 0.7143 0.0408 0.1224 0.1224
