MEME version 4.11.2

ALPHABET= ACGT

strands: + -

Background letter frequencies(from unknown source):
 A 0.250 C 0.250 G 0.250 T 0.250

MOTIF ZNF436

letter-probability matrix: alength= 4 w= 23
 0.0204 0.8673 0.0306 0.0816
 0.5408 0.3163 0.0204 0.1224
 0.3061 0.0918 0.4694 0.1327
 0.0816 0.0102 0.8878 0.0204
 0.0204 0.0 0.9796 0.0
 0.866 0.0412 0.0619 0.0309
 0.5204 0.0102 0.4592 0.0102
 0.0408 0.0 0.9592 0.0
 0.1649 0.0515 0.7732 0.0103
 0.0 1.0 0.0 0.0
 0.0202 0.0202 0.0101 0.9495
 0.0102 0.051 0.0816 0.8571
 0.0 0.9899 0.0 0.0101
 0.0707 0.8485 0.0101 0.0707
 0.0306 0.102 0.0102 0.8571
 0.0505 0.0 0.9293 0.0202
 0.0306 0.0102 0.9388 0.0204
 0.9694 0.0 0.0102 0.0204
 0.1111 0.0 0.8889 0.0
 0.0101 0.0 0.9899 0.0
 0.9192 0.0303 0.0101 0.0404
 0.1515 0.0 0.8485 0.0
 0.0204 0.0 0.9694 0.0102
