MEME version 4.11.2

ALPHABET= ACGT

strands: + -

Background letter frequencies(from unknown source):
 A 0.250 C 0.250 G 0.250 T 0.250

MOTIF ZNF549

letter-probability matrix: alength= 4 w= 16
 0.051 0.1327 0.0612 0.7551
 0.0408 0.7449 0.0102 0.2041
 0.9596 0.0101 0.0101 0.0202
 0.0714 0.0306 0.2347 0.6633
 0.051 0.1837 0.6224 0.1429
 0.6327 0.1224 0.1735 0.0714
 0.7273 0.0303 0.1818 0.0606
 0.102 0.3367 0.0306 0.5306
 0.1856 0.2371 0.0309 0.5464
 0.1818 0.0 0.7879 0.0303
 0.0202 0.0101 0.9596 0.0101
 0.1515 0.0707 0.7677 0.0101
 0.051 0.9388 0.0 0.0102
 0.8485 0.0202 0.0505 0.0808
 0.0204 0.0714 0.898 0.0102
 0.0102 0.8571 0.0918 0.0408
