MEME version 4.11.2

ALPHABET= ACGT

strands: + -

Background letter frequencies(from unknown source):
 A 0.250 C 0.250 G 0.250 T 0.250

MOTIF ZNF554

letter-probability matrix: alength= 4 w= 18
 0.0606 0.8283 0.0 0.1111
 0.3469 0.1122 0.1531 0.3878
 0.0408 0.0612 0.8571 0.0408
 0.6869 0.0101 0.2828 0.0202
 0.1429 0.0306 0.8265 0.0
 0.0103 0.5773 0.0412 0.3711
 0.0 0.9899 0.0 0.0101
 0.7778 0.0606 0.0909 0.0707
 0.1717 0.2727 0.2424 0.3131
 0.1735 0.2041 0.4388 0.1837
 0.1212 0.1616 0.1616 0.5556
 0.4141 0.0404 0.4343 0.1111
 0.1414 0.1111 0.7071 0.0404
 0.2165 0.0928 0.3814 0.3093
 0.1327 0.1224 0.4592 0.2857
 0.1616 0.1212 0.2727 0.4444
 0.3878 0.102 0.4286 0.0816
 0.1212 0.6566 0.0909 0.1313
