MEME version 4.11.2

ALPHABET= ACGT

strands: + -

Background letter frequencies(from unknown source):
 A 0.250 C 0.250 G 0.250 T 0.250

MOTIF ZNF563

letter-probability matrix: alength= 4 w= 19
 0.0918 0.102 0.6429 0.1633
 0.1616 0.1616 0.4747 0.202
 0.2755 0.2653 0.2551 0.2041
 0.0202 0.0808 0.1414 0.7576
 0.0 0.9072 0.0 0.0928
 0.3535 0.4848 0.0202 0.1414
 0.101 0.1818 0.1515 0.5657
 0.1531 0.3163 0.2755 0.2551
 0.3608 0.134 0.299 0.2062
 0.1111 0.6263 0.1717 0.0909
 0.2653 0.2959 0.0306 0.4082
 0.1753 0.0206 0.6392 0.1649
 0.0306 0.1122 0.6939 0.1633
 0.0306 0.8061 0.1633 0.0
 0.7245 0.1939 0.0 0.0816
 0.268 0.1237 0.5464 0.0619
 0.0103 0.9175 0.0103 0.0619
 0.1818 0.1717 0.101 0.5455
 0.051 0.1837 0.6735 0.0918
