MEME version 4.11.2

ALPHABET= ACGT

strands: + -

Background letter frequencies(from unknown source):
 A 0.250 C 0.250 G 0.250 T 0.250

MOTIF ZNF547

letter-probability matrix: alength= 4 w= 19
 0.0612 0.0918 0.7755 0.0714
 0.0306 0.8673 0.0 0.102
 0.2727 0.0808 0.0808 0.5657
 0.7143 0.1633 0.0918 0.0306
 0.9286 0.0204 0.0408 0.0102
 0.1531 0.2143 0.0306 0.602
 0.0 0.0505 0.5657 0.3838
 0.0 1.0 0.0 0.0
 0.4082 0.1633 0.0612 0.3673
 0.2577 0.0206 0.6701 0.0515
 0.0102 0.9286 0.0102 0.051
 0.7959 0.0918 0.0102 0.102
 0.3232 0.101 0.5253 0.0505
 0.2245 0.0714 0.6122 0.0918
 0.102 0.8163 0.0306 0.051
 0.6327 0.0816 0.1837 0.102
 0.1531 0.2347 0.2041 0.4082
 0.4343 0.0606 0.3939 0.1111
 0.0408 0.8163 0.0816 0.0612
