MEME version 4.11.2

ALPHABET= ACGT

strands: + -

Background letter frequencies(from unknown source):
 A 0.250 C 0.250 G 0.250 T 0.250

MOTIF ZNF667

letter-probability matrix: alength= 4 w= 18
 0.2347 0.102 0.1735 0.4898
 0.0928 0.0619 0.6392 0.2062
 0.0707 0.3333 0.4949 0.101
 0.0408 0.8469 0.051 0.0612
 0.1429 0.4694 0.0408 0.3469
 0.0606 0.1212 0.1313 0.6869
 0.0816 0.2347 0.1837 0.5
 0.5455 0.3131 0.0404 0.101
 0.6907 0.1031 0.1134 0.0928
 0.4592 0.102 0.4286 0.0102
 0.7677 0.0505 0.0505 0.1313
 0.0606 0.0505 0.8081 0.0808
 0.0612 0.7959 0.051 0.0918
 0.0404 0.1919 0.0303 0.7374
 0.0408 0.7041 0.1429 0.1122
 0.4646 0.303 0.0606 0.1717
 0.0909 0.3232 0.3434 0.2424
 0.1 0.72 0.08 0.1
