MEME version 4.11.2

ALPHABET= ACGT

strands: + -

Background letter frequencies(from unknown source):
 A 0.250 C 0.250 G 0.250 T 0.250

MOTIF ZNF85_cl231

letter-probability matrix: alength= 4 w= 21
 0.1515 0.0303 0.8182 0.0
 0.0101 0.0303 0.0 0.9596
 0.0 0.0 1.0 0.0
 0.0 0.0 1.0 0.0
 0.0102 0.0408 0.0 0.949
 1.0 0.0 0.0 0.0
 0.0103 0.299 0.0103 0.6804
 0.8182 0.0202 0.1616 0.0
 0.0306 0.0408 0.0204 0.9082
 0.1224 0.8367 0.0204 0.0204
 0.0101 0.7677 0.0 0.2222
 0.9794 0.0 0.0103 0.0103
 0.0102 0.1429 0.0306 0.8163
 0.732 0.0309 0.1134 0.1237
 0.0714 0.7959 0.0204 0.1122
 0.8469 0.102 0.0408 0.0102
 0.7755 0.0204 0.1633 0.0408
 0.0412 0.0619 0.0515 0.8454
 0.0909 0.0101 0.8687 0.0303
 0.0714 0.0102 0.9082 0.0102
 0.9388 0.0204 0.0306 0.0102
