MEME version 4.11.2

ALPHABET= ACGT

strands: + -

Background letter frequencies(from unknown source):
 A 0.250 C 0.250 G 0.250 T 0.250

MOTIF ZNF85_cl127

letter-probability matrix: alength= 4 w= 17
 0.596 0.101 0.101 0.202
 0.1717 0.101 0.6566 0.0707
 0.6263 0.101 0.1818 0.0909
 0.6327 0.1939 0.1122 0.0612
 0.5612 0.0816 0.3061 0.051
 0.5455 0.0505 0.101 0.303
 0.1531 0.5612 0.1735 0.1122
 0.1429 0.0306 0.1429 0.6837
 0.1919 0.0 0.8081 0.0
 0.6263 0.3232 0.0303 0.0202
 0.5102 0.0306 0.051 0.4082
 0.0303 0.0 0.9596 0.0101
 0.0816 0.0918 0.3776 0.449
 0.9898 0.0102 0.0 0.0
 0.8776 0.0918 0.0 0.0306
 0.0101 0.0404 0.0202 0.9293
 0.0306 0.9286 0.0102 0.0306
