MEME version 4.11.2

ALPHABET= ACGT

strands: + -

Background letter frequencies(from unknown source):
 A 0.250 C 0.250 G 0.250 T 0.250

MOTIF ZSCAN3

letter-probability matrix: alength= 4 w= 15
 0.0606 0.0505 0.6263 0.2626
 0.0816 0.7653 0.0918 0.0612
 0.6633 0.1429 0.051 0.1429
 0.0722 0.0309 0.8763 0.0206
 0.0408 0.9082 0.0306 0.0204
 0.7143 0.0408 0.1939 0.051
 0.0204 0.0102 0.9592 0.0102
 0.0408 0.0204 0.8776 0.0612
 0.102 0.0204 0.8571 0.0204
 0.0505 0.9091 0.0303 0.0101
 0.6735 0.1327 0.0918 0.102
 0.2959 0.0918 0.4796 0.1327
 0.0612 0.0918 0.2551 0.5918
 0.1546 0.1134 0.2371 0.4948
 0.6837 0.1122 0.1531 0.051
